Years,15-below,16-30,31-45,46-60,61-over,Not_specified,Male,Female
2003,16056,78357,99740,85753,58226,0,204732,133400
2004,38734,84125,128267,96920,37251,0,255303,129994
2005,30429,57115,114103,106077,67674,0,257972,117426
2006,37433,75626,123541,95260,52066,0,218818,165108
2007,38870,122879,164488,130756,69927,9785,290688,236017
2008,42581,106596,150171,121387,60531,19011,286983,213294
2009,84891,140805,141955,99197,39638,3470,288155,221801
2010,41156,120395,189852,172800,64593,14071,361611,241256
2011,32795,171081,212176,177983,82726,59454,352059,384156
2012,35468,181558,231117,201835,109239,43875,439270,363822
2013,46262,190630,237690,195416,115654,11964,449058,348558
2014,50441,185685,235738,183582,106666,28006,445627,344491
